                            OLS Regression Results                            
==============================================================================
Dep. Variable:                ln_wage   R-squared:                       0.794
Model:                            OLS   Adj. R-squared:                  0.761
Method:                 Least Squares   F-statistic:                     394.8
Date:                Fri, 17 Oct 2025   Prob (F-statistic):           9.70e-29
Time:                        04:37:34   Log-Likelihood:                 184.60
No. Observations:                 300   AIC:                            -285.2
Df Residuals:                     258   BIC:                            -129.6
Df Model:                          41                                         
Covariance Type:              cluster                                         
==============================================================================
                 coef    std err          z      P>|z|      [0.025      0.975]
------------------------------------------------------------------------------
const          2.4710      0.098     25.298      0.000       2.280       2.662
did            0.0711      0.030      2.346      0.019       0.012       0.131
edu            0.0649      0.006     10.474      0.000       0.053       0.077
exp            0.0223      0.006      3.487      0.000       0.010       0.035
state_1       -0.1603      0.007    -23.042      0.000      -0.174      -0.147
state_2       -0.1644      0.006    -27.321      0.000      -0.176      -0.153
state_3       -0.5177      0.020    -26.501      0.000      -0.556      -0.479
state_4        0.1594      0.017      9.346      0.000       0.126       0.193
state_5       -0.1294      0.003    -42.021      0.000      -0.135      -0.123
state_6       -0.1367      0.016     -8.490      0.000      -0.168      -0.105
state_7        0.1845      0.021      8.871      0.000       0.144       0.225
state_8       -0.1814      0.019     -9.736      0.000      -0.218      -0.145
state_9       -0.5128      0.008    -66.866      0.000      -0.528      -0.498
state_10      -0.1931      0.019    -10.296      0.000      -0.230      -0.156
state_11      -0.6080      0.005   -112.387      0.000      -0.619      -0.597
state_12       0.0311      0.006      5.313      0.000       0.020       0.043
state_13      -0.2575      0.003    -78.023      0.000      -0.264      -0.251
state_14      -0.3106      0.018    -17.629      0.000      -0.345      -0.276
state_15       0.0684      0.018      3.733      0.000       0.032       0.104
state_16      -0.5191      0.007    -70.792      0.000      -0.534      -0.505
state_17      -0.0684      0.007    -10.431      0.000      -0.081      -0.056
state_18      -0.6199      0.005   -127.705      0.000      -0.629      -0.610
state_19      -0.2318      0.018    -12.547      0.000      -0.268      -0.196
state_20      -0.3286      0.018    -18.566      0.000      -0.363      -0.294
state_21       0.1931      0.017     11.243      0.000       0.159       0.227
state_22       0.0943      0.016      6.028      0.000       0.064       0.125
state_23      -0.1503      0.019     -8.042      0.000      -0.187      -0.114
state_24      -0.0659      0.003    -22.965      0.000      -0.072      -0.060
state_25      -0.1644      0.018     -9.029      0.000      -0.200      -0.129
state_26      -0.0063      0.017     -0.368      0.713      -0.040       0.027
state_27      -0.2991      0.003   -105.384      0.000      -0.305      -0.294
state_28      -0.4692      0.006    -84.471      0.000      -0.480      -0.458
state_29      -0.4568      0.007    -65.866      0.000      -0.470      -0.443
year_2013     -0.0119      0.040     -0.293      0.769      -0.091       0.067
year_2014      0.0222      0.034      0.644      0.520      -0.045       0.090
year_2015      0.0901      0.043      2.087      0.037       0.005       0.175
year_2016      0.0785      0.042      1.890      0.059      -0.003       0.160
year_2017      0.0881      0.039      2.245      0.025       0.011       0.165
year_2018      0.1612      0.038      4.197      0.000       0.086       0.236
year_2019      0.1264      0.041      3.078      0.002       0.046       0.207
year_2020      0.1660      0.037      4.455      0.000       0.093       0.239
year_2021      0.1810      0.044      4.136      0.000       0.095       0.267
==============================================================================
Omnibus:                        0.517   Durbin-Watson:                   2.133
Prob(Omnibus):                  0.772   Jarque-Bera (JB):                0.642
Skew:                          -0.075   Prob(JB):                        0.726
Kurtosis:                       2.830   Cond. No.                         513.
==============================================================================

Notes:
[1] Standard Errors are robust to cluster correlation (cluster)